/*********************************************
 * OPL 6.0 Data
 * Author: verfaillie
 * Creation Date: 8 oct. 08 at 16:42:38
 ********************************************/

 Nv = 19 ;
 Na = 10 ;
 /* Gatwick, Heathrow, Bruxelles, Berlin, Roissy, Orly, Munich, Toulouse, Rome, Madrid */
 Ni = 8 ;
 /* Londres, Bruxelles, Berlin, Paris, Munich, Toulouse, Rome, Madrid */
 Va = [0,1,1,2,3,4,4,5,6,7,8] ;
 Ov = [0,1,1,10,2,2,5,7,3,5,4,4,7,8,6,9,9,8,9,10] ;
 /* Gatwick, Gatwick, Madrid, Heathrow, Heathrow, Roissy, Munich, Bruxelles, Roissy,
 /* Berlin, Berlin, Munich, Toulouse, Orly, Rome, Rome, Toulouse, Rome */
 Dv = [0,6,8,1,3,4,2,2,4,3,5,7,5,6,9,7,8,10,10,6] ;
 /* Orly, Toulouse, Gatwick, Bruxelles, Berlin, Heathrow, Heathrow, Berlin, Bruxelles,
 /* Roissy, Munich, Roissy, Orly, Rome, Munich, Toulouse, Madrid, Madrid */
 Td = [0,8,9,22,6,7,21,22,12,8,16,17,21,23,11,18,19,16,16,21] ;
 Ta = [0,9,11,24,7,9,22,24,13,9,18,18,22,24,13,19,21,18,18,23] ;
 Dt = [[0,0,0,0,0,0,0,0,0,0,0],
       [0,2,4,25,25,25,25,25,25,25,25],
       [0,4,2,25,25,25,25,25,25,25,25]
       [0,25,25,2,25,25,25,25,25,25,25]
       [0,25,25,25,2,25,25,25,25,25,25]
       [0,25,25,25,25,2,4,25,25,25,25]
       [0,25,25,25,25,4,2,25,25,25,25]
       [0,25,25,25,25,25,25,2,25,25,25]
       [0,25,25,25,25,25,25,25,2,25,25]
       [0,25,25,25,25,25,25,25,25,2,25]
       [0,25,25,25,25,25,25,25,25,25,2]] ;
 Dtinf = 25 ;
 Np = [0,100,100,100,100,100,200,100,50,100,100,50,100,100,100,50,50,50,50,100] ;
 Nec = [0,3,3,3,3,3,4,3,2,3,3,2,3,3,3,2,2,2,2,2] ;
 Pr = [0,100,200,200,100,200,100,200,100,100,200,100,100,100,200,100,200,200,200,200] ;
 Ne = 42 ;
 Ty = [1,1,1,1,1,1,1,1,1,1,1,1,1,1,1,1,0,0,0,0,0,0,0,0,0,0,0,0,0,0,0,0,0,0,0,0,0,0,0,0,0,0] ;
 Vh = [1,1,1,1,1,1,1,1,4,4,4,4,4,4,4,4,1,1,1,1,1,1,1,1,1,1,1,1,1,1,4,4,4,4,4,4,4,4,4,4,4,4] ;
 Nvmax = 4 ;
 Dmax = 24 ;
 Dda = 2 ;
 